50.806 1.0
50.8061 1.0
50.8062 1.0
50.8063 1.0
50.8064 1.0
50.8065 0.0
50.8066 0.0
50.8067 0.0
50.8068 0.0
50.8069 0.0
110.809 1.0
110.8091 1.0
110.8092 1.0
110.8093 1.0
110.8094 1.0
110.8095 0.0
110.8096 0.0
110.8097 0.0
110.8098 0.0
110.8099 0.0
110.806 1.0
110.8061 1.0
110.8062 1.0
110.8063 1.0
110.8064 1.0
110.8065 0.0
110.8066 0.0
110.8067 0.0
110.8068 0.0
110.8069 0.0
110.806 1.0
110.8061 1.0
110.8062 1.0
110.8063 1.0
110.8064 1.0
110.8065 0.0
110.8066 0.0
110.8067 0.0
110.8068 0.0
110.8069 0.0
110.806 1.0
110.8061 1.0
110.8062 1.0
110.8063 1.0
110.8064 1.0
110.8065 0.0
110.8066 0.0
110.8067 0.0
110.8068 0.0
110.8069 0.0
110.806 1.0
110.8061 1.0
110.8062 1.0
110.8063 1.0
110.8064 1.0
110.8065 0.0
110.8066 0.0
110.8067 0.0
110.8068 0.0
110.8069 0.0
110.806 1.0
110.8061 1.0
110.8062 1.0
110.8063 1.0
110.8064 1.0
110.8065 0.0
110.8066 0.0
110.8067 0.0
110.8068 0.0
110.8069 0.0
110.806 1.0
110.8061 1.0
110.8062 1.0
110.8063 1.0
110.8064 1.0
110.8065 0.0
110.8066 0.0
110.8067 0.0
110.8068 0.0
110.8069 0.0
110.806 1.0
110.8061 1.0
110.8062 1.0
110.8063 1.0
110.8064 1.0
110.8065 0.0
110.8066 0.0
110.8067 0.0
110.8068 0.0
110.8069 0.0
110.806 1.0
110.8061 1.0
110.8062 1.0
110.8063 1.0
110.8064 1.0
110.8065 0.0
110.8066 0.0
110.8067 0.0
110.8068 0.0
110.8069 0.0
